2035 2067 120
2067 1725 60
1725 1751 120
1751 1832 60
1832 1698 120
1698 1955 120
1955 2062 120
2062 1642 120
1642 1892 120
1892 2036 60
2036 1864 60
1864 1773 60
1773 1688 60
1688 1980 120
1980 2083 60
2083 1945 120
1945 1961 60
1961 2028 60
2028 2048 120
2048 1755 60
1755 1856 120
1856 1803 120
1803 1933 60
1933 1887 180
1833 2058 120
2058 2041 60
2041 1788 60
1788 1784 60
1784 1812 120
1812 2079 60
2079 2087 60
2087 1978 60
1978 1900 120
1900 1674 60
1674 1910 60
1910 2086 120
2086 2046 60
2046 1791 120
1791 2071 60
2071 1795 60
1795 1707 120
1707 1629 60
1629 1822 60
1822 1989 60
1989 1684 120
1684 2029 60
2029 1694 120
1694 1736 120
1949 1737 120
1737 1950 60
1950 1785 120
1785 1728 60
1728 1779 60
1779 1766 120
1766 1683 60
1683 2050 60
2050 1765 60
1765 1662 60
1662 2007 60
2007 1760 120
1760 1846 60
1846 1889 60
1889 1722 60
1722 1935 120
1935 1630 60
1630 1881 120
1881 1634 60
1634 1786 60
1786 1738 60
1738 1862 60
1862 2044 120
2044 1802 60
1752 1718 120
1718 1783 60
1783 1659 60
1742 1668 60
1668 1655 60
1655 2033 60
2033 2061 60
2061 1957 120
1957 1953 60
1953 2034 60
2034 1677 60
1677 1764 60
1764 1934 60
1934 1855 120
1855 1964 60
1964 1975 60
1975 1729 60
1729 1845 60
1845 1721 60
1721 1733 60
1733 1731 120
1731 1824 60
1824 1692 60
1692 1645 60
1645 1996 60
1996 1828 120
1828 2040 60
2040 1735 60
1735 4028973 120
2089 2072 180
2072 1932 0
1932 1891 60
1891 1746 120
1746 1772 60
1772 1922 120
1922 1901 60
1901 1675 60
1675 1958 120
1958 2076 120
2076 1898 120
1898 1767 120
1767 1843 60
1843 1700 60
1700 2008 120
2008 2063 60
2063 1759 120
1759 1951 60
1951 1641 120
1641 2017 60
2017 1793 180
1834 1789 60
1789 2065 60
2065 2081 120
2081 2082 60
2082 2068 60
2068 1644 60
1644 1974 60
1974 1836 60
1836 1794 60
1794 1987 120
1987 1962 60
1962 1640 60
1640 1997 120
1997 1763 60
1763 1930 60
1930 1825 60
1825 1781 120
1781 1665 60
1665 2016 60
2016 1657 60
1657 1926 60
1926 2069 60
2069 1780 60
1780 1687 120
1687 2073 60
2073 1909 60
1909 2030 120
1911 1944 120
1944 2055 120
2055 1744 120
1744 1985 120
1985 2080 60
2080 1703 60
1703 1676 60
1676 1860 60
1860 2085 120
2085 1954 60
1954 1800 120
1800 2015 60
2015 1849 60
1849 1971 60
1971 1847 120
1847 1757 120
1757 1774 60
1774 1806 60
1806 1966 120
1966 1805 60
1805 1681 60
1681 1907 120
1907 1649 60
1649 2020 60
2020 1854 120
1854 1648 60
1648 1685 60
1685 1876 60
1876 1925 120
1925 1639 120
1639 1696 60
1696 1695 120
1695 1871 360
1756 1635 60
1635 2002 120
2002 2013 60
2013 2075 60
2075 1902 60
1902 1861 120
3343334 3343336 60
3343336 3343338 120
3343338 3343746 60
3343746 3343753 60
3343753 3343755 60
3343755 3343757 120
3343757 3343759 60
3343759 3343761 60
3343761 3343763 120
3343763 3343765 60
3343765 3343767 60
3343767 3343769 120
3343769 3343771 60
3343771 3343773 60
3343773 3343775 60
3343775 3343777 120
3343777 3343779 60
3343779 3343781 60
3343781 3343783 60
3343783 3343785 60
3343785 3343787 120
3343787 3343789 60
3343789 3343791 60
3343791 3343793 60
3343793 3343795 120
3343795 3343797 60
3343797 3343799 60
3343799 3343801 120
3343801 3343803 120
3343803 3343805 60
3343805 3343807 120
3343807 3343809 120
3343809 3343811 60
3343811 3343813 120
3343813 3343815 120
3343815 3343817 120
3343817 3343819 180
1804 2088 60
2088 1884 120
1884 1747 120
1747 1936 120
1936 1816 60
1816 1814 60
1814 1899 60
1899 1762 60
1762 1917 120
1917 1708 60
1708 1637 120
1637 1895 60
1895 2043 120
2043 1946 60
1946 1730 120
1730 1819 60
1819 1715 60
1715 1890 120
1890 1972 60
1972 1702 60
1702 1712 60
1712 2001 120
2001 1678 60
1678 1647 120
1647 1844 60
1844 1714 0
1714 1633 60
1633 2032 60
2032 1709 60
1709 1651 120
1651 2014 60
2014 1882 60
1882 1745 120
1745 1704 120
1704 1993 60
1993 1873 180
2005 2004 120
2004 1817 180
1817 2026 60
2026 1818 60
1818 1903 60
1903 2031 120
2031 2057 60
2057 1916 120
1916 1661 60
1661 1927 120
1927 1690 60
1690 1666 60
1666 1867 120
1867 1653 60
1653 1977 60
1977 1811 60
1811 2018 120
2018 1908 60
1908 1952 180
1875 1753 120
1753 1682 60
1682 1798 60
1798 1905 60
1905 1758 60
1758 2066 120
2066 1963 60
1963 967988 60
967988 2051 60
2051 1761 120
1761 1893 60
1893 1965 60
1870 1986 120
1986 1750 60
1750 1984 120
1984 1691 60
1691 1632 120
1632 1782 60
1782 1938 60
1938 1826 60
1826 1842 120
1842 1646 60
1646 1667 60
1667 1710 60
1710 1669 60
1669 2052 60
2052 1982 120
1982 1869 60
1869 1723 120
1723 1686 60
1686 1841 60
1841 1720 120
1720 1792 60
1792 2037 60
2037 1920 60
1920 1906 120
1906 1883 60
1883 1886 120
1886 1743 120
1743 3901291 120
1969 1880 120
1880 1879 60
1879 1749 120
1749 1799 120
1799 1787 60
1787 1948 60
1948 1827 120
1827 1928 60
1928 1719 60
1719 1638 120
1638 1897 60
1897 2025 60
2025 1820 120
1820 1724 120
1724 1858 0
1858 1796 60
1796 1656 60
1656 2009 120
2009 1741 120
1741 1872 60
1872 1947 180
1947 1662795 120
1662795 1662797 120
1662797 1716 180
1716 140078 120
1166840 1166838 60
1166838 6129304 120
6129304 1166834 120
1166834 1166832 180
1166832 1166830 120
1166830 1166828 60
1166828 1166826 120
1166826 1166824 120