service_id,date,exception_type
2773295,20190610,1
2773295,20190616,1
2773295,20190623,1
2773295,20190630,1
2773295,20190707,1
2773295,20190721,1
2773295,20190728,1
2773295,20190804,1
2773295,20190811,1
2773295,20190815,1
2773295,20190818,1
2773295,20190825,1
2773295,20190901,1
2773295,20190908,1
2773295,20190915,1
2773295,20190922,1
2773296,20190930,1
2773296,20191001,1
2773296,20191002,1
2773296,20191003,1
2773296,20191007,1
2773296,20191008,1
2773296,20191009,1
2773296,20191010,1
2773296,20191014,1
2773296,20191015,1
2773296,20191016,1
2773296,20191017,1
2773296,20191104,1
2773296,20191105,1
2773296,20191106,1
2773296,20191107,1
2773296,20191112,1
2773296,20191113,1
2773296,20191114,1
2773296,20191118,1
2773296,20191119,1
2773296,20191120,1
2773296,20191121,1
2773296,20191125,1
2773296,20191126,1
2773296,20191127,1
2773296,20191128,1
2773296,20191202,1
2773296,20191203,1
2773300,20190928,1
2773300,20191005,1
2773300,20191012,1
2773300,20191019,1
2773300,20191026,1
2773300,20191102,1
2773300,20191109,1
2773300,20191116,1
2773300,20191123,1
2773300,20191130,1
2773293,20191101,1
2773293,20191110,1
2773294,20190929,1
2773294,20191006,1
2773294,20191013,1
2773294,20191020,1
2773294,20191027,1
2773294,20191103,1
2773294,20191111,1
2773294,20191117,1
2773294,20191124,1
2773294,20191201,1
2773299,20190801,1
2773299,20190805,1
2773299,20190806,1
2773299,20190807,1
2773299,20190808,1
2773299,20190812,1
2773299,20190813,1
2773299,20190819,1
2773299,20190820,1
2773299,20190821,1
2773299,20190822,1
2773299,20190826,1
2773299,20190827,1
2773299,20190828,1
2773299,20190829,1
12773296,20191001,1
12773296,20191002,1
12773296,20191003,1
12773296,20191004,1
12773296,20191008,1
12773296,20191009,1
12773296,20191010,1
12773296,20191011,1
12773296,20191015,1
12773296,20191016,1
12773296,20191017,1
12773296,20191018,1
12773296,20191105,1
12773296,20191106,1
12773296,20191107,1
12773296,20191108,1
12773296,20191113,1
12773296,20191114,1
12773296,20191115,1
12773296,20191119,1
12773296,20191120,1
12773296,20191121,1
12773296,20191122,1
12773296,20191126,1
12773296,20191127,1
12773296,20191128,1
12773296,20191129,1
12773296,20191203,1
12773296,20191204,1
12773297,20190606,1
12773297,20190607,1
12773297,20190612,1
12773297,20190613,1
12773297,20190614,1
12773297,20190618,1
12773297,20190619,1
12773297,20190620,1
12773297,20190621,1
12773297,20190625,1
12773297,20190626,1
12773297,20190627,1
12773297,20190628,1
12773297,20190903,1
12773297,20190904,1
12773297,20190905,1
12773297,20190906,1
12773297,20190910,1
12773297,20190911,1
12773297,20190912,1
12773297,20190913,1
12773297,20190917,1
12773297,20190918,1
12773297,20190919,1
12773297,20190920,1
12773297,20190924,1
12773297,20190925,1
12773297,20190926,1
12773297,20190927,1
12773297,20191022,1
12773297,20191023,1
12773297,20191024,1
12773297,20191025,1
12773297,20191029,1
12773297,20191030,1
12773297,20191031,1
2773297,20190605,1
2773297,20190606,1
2773297,20190611,1
2773297,20190612,1
2773297,20190613,1
2773297,20190617,1
2773297,20190618,1
2773297,20190619,1
2773297,20190620,1
2773297,20190624,1
2773297,20190625,1
2773297,20190626,1
2773297,20190627,1
2773297,20190902,1
2773297,20190903,1
2773297,20190904,1
2773297,20190905,1
2773297,20190909,1
2773297,20190910,1
2773297,20190911,1
2773297,20190912,1
2773297,20190916,1
2773297,20190917,1
2773297,20190918,1
2773297,20190919,1
2773297,20190923,1
2773297,20190924,1
2773297,20190925,1
2773297,20190926,1
2773297,20191021,1
2773297,20191022,1
2773297,20191023,1
2773297,20191024,1
2773297,20191028,1
2773297,20191029,1
2773297,20191030,1
12773298,20190702,1
12773298,20190703,1
12773298,20190704,1
12773298,20190705,1
12773298,20190709,1
12773298,20190710,1
12773298,20190711,1
12773298,20190712,1
12773298,20190716,1
12773298,20190717,1
12773298,20190718,1
12773298,20190719,1
12773298,20190723,1
12773298,20190724,1
12773298,20190725,1
12773298,20190726,1
12773298,20190730,1
12773298,20190731,1
12773298,20190801,1
2773298,20190701,1
2773298,20190702,1
2773298,20190703,1
2773298,20190704,1
2773298,20190708,1
2773298,20190709,1
2773298,20190710,1
2773298,20190711,1
2773298,20190715,1
2773298,20190716,1
2773298,20190717,1
2773298,20190718,1
2773298,20190722,1
2773298,20190723,1
2773298,20190724,1
2773298,20190725,1
2773298,20190729,1
2773298,20190730,1
2773298,20190731,1
12773299,20190802,1
12773299,20190806,1
12773299,20190807,1
12773299,20190808,1
12773299,20190809,1
12773299,20190813,1
12773299,20190814,1
12773299,20190820,1
12773299,20190821,1
12773299,20190822,1
12773299,20190823,1
12773299,20190827,1
12773299,20190828,1
12773299,20190829,1
12773299,20190830,1
12773305,20190803,1
12773305,20190810,1
12773305,20190815,1
12773305,20190817,1
12773305,20190824,1
12773305,20190831,1
12773304,20190706,1
12773304,20190713,1
12773304,20190720,1
12773304,20190727,1
12773293,20191102,1
12773293,20191111,1
12773295,20190611,1
12773295,20190617,1
12773295,20190624,1
12773295,20190701,1
12773295,20190708,1
12773295,20190722,1
12773295,20190729,1
12773295,20190805,1
12773295,20190812,1
12773295,20190816,1
12773295,20190819,1
12773295,20190826,1
12773295,20190902,1
12773295,20190909,1
12773295,20190916,1
12773295,20190923,1
12773294,20190930,1
12773294,20191007,1
12773294,20191014,1
12773294,20191021,1
12773294,20191028,1
12773294,20191104,1
12773294,20191112,1
12773294,20191118,1
12773294,20191125,1
12773294,20191202,1
12773301,20190609,1
12773301,20190610,1
12773301,20190616,1
12773301,20190623,1
12773301,20190630,1
12773301,20190707,1
12773301,20190714,1
12773301,20190715,1
12773301,20190721,1
12773301,20190728,1
12773301,20190804,1
12773301,20190811,1
12773301,20190818,1
12773301,20190825,1
12773301,20190901,1
12773301,20190908,1
12773301,20190915,1
12773301,20190922,1
12773300,20190929,1
12773300,20191006,1
12773300,20191013,1
12773300,20191020,1
12773300,20191027,1
12773300,20191103,1
12773300,20191110,1
12773300,20191117,1
12773300,20191124,1
12773300,20191201,1
12773303,20190608,1
12773303,20190615,1
12773303,20190622,1
12773303,20190629,1
12773303,20190907,1
12773303,20190914,1
12773303,20190921,1
12773303,20190928,1
12773303,20191026,1
12773303,20191101,1
12773302,20191005,1
12773302,20191012,1
12773302,20191019,1
12773302,20191109,1
12773302,20191116,1
12773302,20191123,1
12773302,20191130,1
2773303,20190607,1
2773303,20190614,1
2773303,20190621,1
2773303,20190628,1
2773303,20190906,1
2773303,20190913,1
2773303,20190920,1
2773303,20190927,1
2773303,20191025,1
2773303,20191031,1
2773304,20190705,1
2773304,20190712,1
2773304,20190719,1
2773304,20190726,1
2773301,20190608,1
2773301,20190609,1
2773301,20190615,1
2773301,20190622,1
2773301,20190629,1
2773301,20190706,1
2773301,20190713,1
2773301,20190714,1
2773301,20190720,1
2773301,20190727,1
2773301,20190803,1
2773301,20190810,1
2773301,20190817,1
2773301,20190824,1
2773301,20190831,1
2773301,20190907,1
2773301,20190914,1
2773301,20190921,1
2773302,20191004,1
2773302,20191011,1
2773302,20191018,1
2773302,20191108,1
2773302,20191115,1
2773302,20191122,1
2773302,20191129,1
2773305,20190802,1
2773305,20190809,1
2773305,20190814,1
2773305,20190816,1
2773305,20190823,1
2773305,20190830,1
